92
87
58
94
93
85
62
67
58
72
65
76
82
97
83
89
65
92
88
65
73
90
95
100
94
90
93
87
86
88
87
70
96
74
74
55
81
131
106
107
120
145
139
149
105
110
112
116
146
134
105
143
134
129
117
117
115
116
120
119
131
149
122
148
125
139
120
107
141
125
119
130
148
136
121
110
127
126
148
144
115
108
126
147
112
116
107
145
121
110
131
116
112
143
109
111
116
132
127
137
116
145
137
107
132
149
110
111
127
114
5990
130
108
139
107
120
136
140
134
119
127
112
125
134
146
148
125
121
124
107
143
122
108
146
128
150
117
128
113
140
106
110
130
118
144
147
132
150
107
138
110
141
106
113
112
126
125
139
142
107
131
107
5990
123
139
146
112
141
126
125
135
145
124
125
122
135
125
142
135
136
140
122
118
123
110
122
115
124
116
118
114
130
132
149
117
115
137
118
109
125
146
114
137
145
124
140
112
133
150
148
143
132
105
109
5990
149
113
118
110
137
127
120
136
123
142
114
139
119
106
118
139
119
147
125
117
121
150
110
111
130
111
120
120
112
138
147
134
123
124
120
134
130
134
138
113
106
119
134
131
147
146
126
134
136
112
108
5990
141
110
141
132
119
134
144
145
124
123
124
120
107
107
120
120
133
118
130
132
118
113
116
139
145
125
115
131
108
114
134
113
115
127
121
138
117
124
141
146
109
114
136
139
111
140
138
123
109
134
113
5990
148
111
120
117
147
106
145
132
132
148
119
136
128
140
143
110
147
149
110
126
127
127
114
109
105
149
131
149
142
148
129
106
143
113
141
121
113
128
135
138
119
138
137
112
138
138
146
106
131
139
140
5990
134
122
118
150
146
140
122
125
110
131
111
108
134
118
136
120
107
121
128
116
109
148
131
115
135
142
122
148
113
141
130
121
141
140
116
131
116
143
128
106
130
122
132
106
127
112
122
120
144
139
105
5990
134
112
117
147
107
105
142
117
141
118
137
114
115
142
114
149
118
135
110
115
115
137
134
119
135
148
127
125
115
129
109
149
111
106
129
122
134
127
142
128
134
132
122
118
107
135
110
145
107
134
117
129
122
81
132
130
119
87
94
81
101
91
106
115
136
116
125
91
129
123
91
102
126
133
140
132
126
130
122
120
123
122
98
134
104
104
77
113
183
148
150
168
203
195
209
147
154
157
162
204
188
147
200
188
181
164
164
161
162
168
167
183
209
171
207
175
195
168
150
197
175
167
182
207
190
169
154
178
176
207
202
161
151
176
206
157
162
150
203
169
154
183
162
157
200
153
155
162
185
178
192
162
203
192
150
185
209
154
155
178
160
8386
182
151
195
150
168
190
196
188
167
178
157
175
188
204
207
175
169
174
150
200
171
151
204
179
210
164
179
158
196
148
154
182
165
202
206
185
210
150
193
154
197
148
158
157
176
175
195
199
150
183
150
8386
172
195
204
157
197
176
175
189
203
174
175
171
189
175
199
189
190
196
171
165
172
154
171
161
174
162
165
160
182
185
209
164
161
192
165
153
175
204
160
192
203
174
196
157
186
210
207
200
185
147
153
8386
209
158
165
154
192
178
168
190
172
199
160
195
167
148
165
195
167
206
175
164
169
210
154
155
182
155
168
168
157
193
206
188
172
174
168
188
182
188
193
158
148
167
188
183
206
204
176
188
190
157
151
8386
197
154
197
185
167
188
202
203
174
172
174
168
150
150
168
168
186
165
182
185
165
158
162
195
203
175
161
183
151
160
188
158
161
178
169
193
164
174
197
204
153
160
190
195
155
196
193
172
153
188
158
8386
207
155
168
164
206
148
203
185
185
207
167
190
179
196
200
154
206
209
154
176
178
178
160
153
147
209
183
209
199
207
181
148
200
158
197
169
158
179
189
193
167
193
192
157
193
193
204
148
183
195
196
8386
188
171
165
210
204
196
171
175
154
183
155
151
188
165
190
168
150
169
179
162
153
207
183
161
189
199
171
207
158
197
182
169
197
196
162
183
162
200
179
148
182
171
185
148
178
157
171
168
202
195
147
8386
188
157
164
206
150
147
199
164
197
165
192
160
161
199
160
209
165
189
154
161
161
192
188
167
189
207
178
175
161
181
153
209
155
148
181
171
188
178
199
179
188
185
171
165
150
189
154
203
150
188
164
156
148
99
160
158
145
105
114
99
122
111
129
139
165
141
151
111
156
150
111
124
153
162
170
160
153
158
148
146
150
148
119
163
126
126
94
138
223
180
182
204
247
236
253
179
187
190
197
248
228
179
243
228
219
199
199
196
197
204
202
223
253
207
252
213
236
204
182
240
213
202
221
252
231
206
187
216
214
252
245
196
184
214
250
190
197
182
247
206
187
223
197
190
243
185
189
197
224
216
233
197
247
233
182
224
253
187
189
216
194
10183
221
184
236
182
204
231
238
228
202
216
190
213
228
248
252
213
206
211
182
243
207
184
248
218
255
199
218
192
238
180
187
221
201
245
250
224
255
182
235
187
240
180
192
190
214
213
236
241
182
223
182
10183
209
236
248
190
240
214
213
230
247
211
213
207
230
213
241
230
231
238
207
201
209
187
207
196
211
197
201
194
221
224
253
199
196
233
201
185
213
248
194
233
247
211
238
190
226
255
252
243
224
179
185
10183
253
192
201
187
233
216
204
231
209
241
194
236
202
180
201
236
202
250
213
199
206
255
187
189
221
189
204
204
190
235
250
228
209
211
204
228
221
228
235
192
180
202
228
223
250
248
214
228
231
190
184
10183
240
187
240
224
202
228
245
247
211
209
211
204
182
182
204
204
226
201
221
224
201
192
197
236
247
213
196
223
184
194
228
192
196
216
206
235
199
211
240
248
185
194
231
236
189
238
235
209
185
228
192
10183
252
189
204
199
250
180
247
224
224
252
202
231
218
238
243
187
250
253
187
214
216
216
194
185
179
253
223
253
241
252
219
180
243
192
240
206
192
218
230
235
202
235
233
190
235
235
248
180
223
236
238
10183
228
207
201
255
248
238
207
213
187
223
189
184
228
201
231
204
182
206
218
197
185
252
223
196
230
241
207
252
192
240
221
206
240
238
197
223
197
243
218
180
221
207
224
180
216
190
207
204
245
236
179
10183
228
190
199
250
182
179
241
199
240
201
233
194
196
241
194
253
201
230
187
196
196
233
228
202
230
252
216
213
196
219
185
253
189
180
219
207
228
216
241
218
228
224
207
201
182
230
187
247
182
228
199