11
11
13
15
15
17
19
19
21
23
23
11
11
13
15
15
17
19
19
21
23
23
11
11
13
15
15
17
19
19
21
23
23
11
11
13
15
15
17
19
19
21
23
23
11
11
13
15
15
17
19
19
21
23
23
11
11
13
15
15
17
19
19
21
23
23
11
11
13
15
15
17
19
19
21
23
23
11
11
13
15
15
17
19
19
21
23
23
11
11
13
15
15
17
19
19
21
23
23
11
11
13
15
15
17
19
19
21
23
23
12
25
25
26
27
27
28
29
29
30
31
31
32
33
33
34
35
35
36
37
37
38
39
39
40
41
41
42
43
43
44
45
45
46
47
47
48
49
49
50
51
51
52
53
53
54
55
55
56
57
57
58
14
25
26
26
27
28
28
29
30
30
31
32
32
33
34
34
35
36
36
37
38
38
39
40
40
41
42
42
43
44
44
45
46
46
47
48
48
49
50
50
51
52
52
53
54
54
55
56
56
57
58
58
16
25
25
26
27
27
28
29
29
30
31
31
32
33
33
34
35
35
36
37
37
38
39
39
40
41
41
42
43
43
44
45
45
46
47
47
48
49
49
50
51
51
52
53
53
54
55
55
56
57
57
58
18
25
26
26
27
28
28
29
30
30
31
32
32
33
34
34
35
36
36
37
38
38
39
40
40
41
42
42
43
44
44
45
46
46
47
48
48
49
50
50
51
52
52
53
54
54
55
56
56
57
58
58
20
25
25
26
27
27
28
29
29
30
31
31
32
33
33
34
35
35
36
37
37
38
39
39
40
41
41
42
43
43
44
45
45
46
47
47
48
49
49
50
51
51
52
53
53
54
55
55
56
57
57
58
22
25
26
26
27
28
28
29
30
30
31
32
32
33
34
34
35
36
36
37
38
38
39
40
40
41
42
42
43
44
44
45
46
46
47
48
48
49
50
50
51
52
52
53
54
54
55
56
56
57
58
58
24
25
25
26
27
27
28
29
29
30
31
31
32
33
33
34
35
35
36
37
37
38
39
39
40
41
41
42
43
43
44
45
45
46
47
47
48
49
49
50
51
51
52
53
53
54
55
55
56
57
57
58