120
95
55
105
85
140
80
65
70
5
5
90
75
40
100
80
105
20
15
85
70
55
150
120
100
100
80
165
165
130
65
120
95
50
40
80
100
80
5
105
80
115
165
135
90
70
55
40
30
115
115
95
15
105
80
40
30
50
70
60
55
50
40
90
120
95
110
90
55
60
45
135
100
80
15
70
55
10
5
50
60
45
40
75
60
80
125
100
30
25
30
25
20
75
65
50
50
95
75
65
50
35
80
65
80
15
10
80
90
70
30
20
15
55
20
15
70
95
75
65
70
55
30
10
10
145
75
60
70
40
35
45
25
20
15
15
10
45
65
50
60
55
45
75
115
90
115
130
105
165
80
65
60
115
95
85
115
90
120
125
100
100
30
60
50
40
55
60
50
115
130
105
95
90
70
45
205
165
70
100
80
50
85
70
25
50
40
50
25
20
15
20
15
25
75
60
55
100
80
60
195
155
45
20
15
50
55
45
50
95
75
55
70
55
30
65
55
70
70
55
30
140
115
100
120
95
50
55
45
125
40
30
40
20
15
30
30
25
45
40
30
45
40
30
50
70
55
55
65
55
75
100
80
140
95
75
55
100
80
80
105
85
105
110
90
90
30
35
105
85
35
145
115
30
20
15
20
75
60
45
215
175
106
145
115
80
110
90
65
60
50
55
100
80
95
130
105
80
155
120
135
200
160
150
260
210
95
125
100
140
155
125
130
205
165
145
180
145
30
80
65
10
75
60
85
145
115
105
80
62
85
70
55
195
125
100
110
105
85
95
60
45
45
85
70
20
65
55
45
15
15
95
105
85
110
110
85
205
10
10
25
80
60
30
55
45
90
80
65
70
30
90
105
85
90
10
10
150
170
135
130
105
85
80
180
145
50
80
65
50
85
65
60
95
75
70
80
60
30
60
45
70
20
15
20
55
40
45
140
115
90
75
60
65
105
85
85
90
70
75
90
70
30
135
105
70
135
105
75
210
170
155
185
145
120
115
95
210
145
115
125
125
100
115
95
75
95
120
95
60
70
55
35
90
70
85
60
50
70
40
35
180
85
62
40
5
5
40
35
30
30
10
5
10
132
105
61
116
94
154
88
72
77
6
6
99
83
44
110
88
116
22
17
94
77
61
165
132
110
110
88
182
182
143
72
132
105
55
44
88
110
88
6
116
88
127
182
149
99
77
61
44
33
127
127
105
17
116
88
44
33
55
77
66
61
55
44
99
132
105
121
99
61
66
50
149
110
88
17
77
61
11
6
55
66
50
44
83
66
88
138
110
33
28
33
28
22
83
72
55
55
105
83
72
55
39
88
72
88
17
11
88
99
77
33
22
17
61
22
17
77
105
83
72
77
61
33
11
11
160
83
66
77
44
39
50
28
22
17
17
11
50
72
55
66
61
50
83
127
99
127
143
116
182
88
72
66
127
105
94
127
99
132
138
110
110
33
66
55
44
61
66
55
127
143
116
105
99
77
50
226
182
77
110
88
55
94
77
28
55
44
55
28
22
17
22
17
28
83
66
61
110
88
66
215
171
50
22
17
55
61
50
55
105
83
61
77
61
33
72
61
77
77
61
33
154
127
110
132
105
55
61
50
138
44
33
44
22
17
33
33
28
50
44
33
50
44
33
55
77
61
61
72
61
83
110
88
154
105
83
61
110
88
88
116
94
116
121
99
99
33
39
116
94
39
160
127
33
22
17
22
83
66
50
237
193
117
160
127
88
121
99
72
66
55
61
110
88
105
143
116
88
171
132
149
220
176
165
286
231
105
138
110
154
171
138
143
226
182
160
198
160
33
88
72
11
83
66
94
160
127
116
88
68
94
77
61
215
138
110
121
116
94
105
66
50
50
94
77
22
72
61
50
17
17
105
116
94
121
121
94
226
11
11
28
88
66
33
61
50
99
88
72
77
33
99
116
94
99
11
11
165
187
149
143
116
94
88
198
160
55
88
72
55
94
72
66
105
83
77
88
66
33
66
50
77
22
17
22
61
44
50
154
127
99
83
66
72
116
94
94
99
77
83
99
77
33
149
116
77
149
116
83
231
187
171
204
160
132
127
105
231
160
127
138
138
110
127
105
83
105
132
105
66
77
61
39
99
77
94
66
55
77
44
39
198
94
68
44
6
6
44
39
33
33
11
6
11
144
114
66
126
102
168
96
78
84
6
6
108
90
48
120
96
126
24
18
102
84
66
180
144
120
120
96
198
198
156
78
144
114
60
48
96
120
96
6
126
96
138
198
162
108
84
66
48
36
138
138
114
18
126
96
48
36
60
84
72
66
60
48
108
144
114
132
108
66
72
54
162
120
96
18
84
66
12
6
60
72
54
48
90
72
96
150
120
36
30
36
30
24
90
78
60
60
114
90
78
60
42
96
78
96
18
12
96
108
84
36
24
18
66
24
18
84
114
90
78
84
66
36
12
12
174
90
72
84
48
42
54
30
24
18
18
12
54
78
60
72
66
54
90
138
108
138
156
126
198
96
78
72
138
114
102
138
108
144
150
120
120
36
72
60
48
66
72
60
138
156
126
114
108
84
54
246
198
84
120
96
60
102
84
30
60
48
60
30
24
18
24
18
30
90
72
66
120
96
72
234
186
54
24
18
60
66
54
60
114
90
66
84
66
36
78
66
84
84
66
36
168
138
120
144
114
60
66
54
150
48
36
48
24
18
36
36
30
54
48
36
54
48
36
60
84
66
66
78
66
90
120
96
168
114
90
66
120
96
96
126
102
126
132
108
108
36
42
126
102
42
174
138
36
24
18
24
90
72
54
258
210
127
174
138
96
132
108
78
72
60
66
120
96
114
156
126
96
186
144
162
240
192
180
312
252
114
150
120
168
186
150
156
246
198
174
216
174
36
96
78
12
90
72
102
174
138
126
96
74
102
84
66
234
150
120
132
126
102
114
72
54
54
102
84
24
78
66
54
18
18
114
126
102
132
132
102
246
12
12
30
96
72
36
66
54
108
96
78
84
36
108
126
102
108
12
12
180
204
162
156
126
102
96
216
174
60
96
78
60
102
78
72
114
90
84
96
72
36
72
54
84
24
18
24
66
48
54
168
138
108
90
72
78
126
102
102
108
84
90
108
84
36
162
126
84
162
126
90
252
204
186
222
174
144
138
114
252
174
138
150
150
120
138
114
90
114
144
114
72
84
66
42
108
84
102
72
60
84
48
42
216
102
74
48
6
6
48
42
36
36
12
6
12