4800
3800
2200
4200
3400
5600
3200
2600
2800
200
200
3600
3000
1600
4000
3200
4200
800
600
3400
2800
2200
6000
4800
4000
4000
3200
6600
6600
5200
2600
4800
3800
2000
1600
3200
4000
3200
200
4200
3200
4600
6600
5400
3600
2800
2200
1600
1200
4600
4600
3800
600
4200
3200
1600
1200
2000
2800
2400
2200
2000
1600
3600
4800
3800
4400
3600
2200
2400
1800
5400
4000
3200
600
2800
2200
400
200
2000
2400
1800
1600
3000
2400
3200
5000
4000
1200
1000
1200
1000
800
3000
2600
2000
2000
3800
3000
2600
2000
1400
3200
2600
3200
600
400
3200
3600
2800
30000
800
600
2200
800
600
2800
3800
3000
2600
2800
2200
1200
400
400
5800
3000
2400
2800
1600
1400
1800
1000
800
600
600
400
1800
2600
2000
2400
2200
1800
3000
4600
3600
4600
5200
4200
6600
3200
2600
2400
4600
3800
3400
4600
3600
4800
5000
4000
4000
40000
2400
2000
1600
2200
2400
2000
4600
5200
4200
3800
3600
2800
1800
8200
6600
2800
4000
3200
2000
3400
2800
1000
2000
1600
2000
1000
800
600
800
600
1000
3000
2400
2200
4000
3200
2400
7800
6200
1800
800
600
2000
2200
1800
2000
3800
3000
2200
2800
2200
50000
2600
2200
2800
2800
2200
1200
5600
4600
4000
4800
3800
2000
2200
1800
5000
1600
1200
1600
800
600
1200
1200
1000
1800
1600
1200
1800
1600
1200
2000
2800
2200
2200
2600
2200
3000
4000
3200
5600
3800
3000
2200
4000
3200
3200
4200
3400
4200
4400
3600
3600
30000
1400
4200
3400
1400
5800
4600
1200
800
600
800
3000
2400
1800
8600
7000
4240
5800
4600
3200
4400
3600
2600
2400
2000
2200
4000
3200
3800
5200
4200
3200
6200
4800
5400
8000
6400
6000
10400
8400
3800
5000
4000
5600
6200
5000
5200
8200
6600
5800
7200
5800
40000
3200
2600
400
3000
2400
3400
5800
4600
4200
3200
2480
3400
2800
2200
7800
5000
4000
4400
4200
3400
3800
2400
1800
1800
3400
2800
800
2600
2200
1800
600
600
3800
4200
3400
4400
4400
3400
8200
400
400
1000
3200
2400
1200
2200
1800
3600
3200
2600
2800
50000
3600
4200
3400
3600
400
400
6000
6800
5400
5200
4200
3400
3200
7200
5800
2000
3200
2600
2000
3400
2600
2400
3800
3000
2800
3200
2400
1200
2400
1800
2800
800
600
800
2200
1600
1800
5600
4600
3600
3000
2400
2600
4200
3400
3400
3600
2800
3000
3600
2800
30000
5400
4200
2800
5400
4200
3000
8400
6800
6200
7400
5800
4800
4600
3800
8400
5800
4600
5000
5000
4000
4600
3800
3000
3800
4800
3800
2400
2800
2200
1400
3600
2800
3400
2400
2000
2800
1600
1400
7200
3400
2480
1600
200
200
1600
1400
1200
1200
400
200
400
5280
4180
2420
4620
3740
6160
3520
2860
3080
220
220
3960
3300
1760
4400
3520
4620
880
660
3740
3080
2420
6600
5280
4400
4400
3520
7260
7260
5720
2860
5280
4180
2200
1760
3520
4400
3520
220
4620
3520
5060
7260
5940
3960
3080
2420
1760
1320
5060
5060
4180
660
4620
3520
1760
1320
2200
3080
2640
2420
2200
1760
3960
5280
4180
4840
3960
2420
2640
1980
5940
4400
3520
660
3080
2420
440
220
2200
2640
1980
1760
3300
2640
3520
5500
4400
1320
1100
1320
1100
880
3300
2860
2200
2200
4180
3300
2860
2200
1540
3520
2860
3520
660
440
3520
3960
3080
33000
880
660
2420
880
660
3080
4180
3300
2860
3080
2420
1320
440
440
6380
3300
2640
3080
1760
1540
1980
1100
880
660
660
440
1980
2860
2200
2640
2420
1980
3300
5060
3960
5060
5720
4620
7260
3520
2860
2640
5060
4180
3740
5060
3960
5280
5500
4400
4400
44000
2640
2200
1760
2420
2640
2200
5060
5720
4620
4180
3960
3080
1980
9020
7260
3080
4400
3520
2200
3740
3080
1100
2200
1760
2200
1100
880
660
880
660
1100
3300
2640
2420
4400
3520
2640
8580
6820
1980
880
660
2200
2420
1980
2200
4180
3300
2420
3080
2420
55000
2860
2420
3080
3080
2420
1320
6160
5060
4400
5280
4180
2200
2420
1980
5500
1760
1320
1760
880
660
1320
1320
1100
1980
1760
1320
1980
1760
1320
2200
3080
2420
2420
2860
2420
3300
4400
3520
6160
4180
3300
2420
4400
3520
3520
4620
3740
4620
4840
3960
3960
33000
1540
4620
3740
1540
6380
5060
1320
880
660
880
3300
2640
1980
9460
7700
4664
6380
5060
3520
4840
3960
2860
2640
2200
2420
4400
3520
4180
5720
4620
3520
6820
5280
5940
8800
7040
6600
11440
9240
4180
5500
4400
6160
6820
5500
5720
9020
7260
6380
7920
6380
44000
3520
2860
440
3300
2640
3740
6380
5060
4620
3520
2728
3740
3080
2420
8580
5500
4400
4840
4620
3740
4180
2640
1980
1980
3740
3080
880
2860
2420
1980
660
660
4180
4620
3740
4840
4840
3740
9020
440
440
1100
3520
2640
1320
2420
1980
3960
3520
2860
3080
55000
3960
4620
3740
3960
440
440
6600
7480
5940
5720
4620
3740
3520
7920
6380
2200
3520
2860
2200
3740
2860
2640
4180
3300
3080
3520
2640
1320
2640
1980
3080
880
660
880
2420
1760
1980
6160
5060
3960
3300
2640
2860
4620
3740
3740
3960
3080
3300
3960
3080
33000
5940
4620
3080
5940
4620
3300
9240
7480
6820
8140
6380
5280
5060
4180
9240
6380
5060
5500
5500
4400
5060
4180
3300
4180
5280
4180
2640
3080
2420
1540
3960
3080
3740
2640
2200
3080
1760
1540
7920
3740
2728
1760
220
220
1760
1540
1320
1320
440
220
440
5760
4560
2640
5040
4080
6720
3840
3120
3360
240
240
4320
3600
1920
4800
3840
5040
960
720
4080
3360
2640
7200
5760
4800
4800
3840
7920
7920
6240
3120
5760
4560
2400
1920
3840
4800
3840
240
5040
3840
5520
7920
6480
4320
3360
2640
1920
1440
5520
5520
4560
720
5040
3840
1920
1440
2400
3360
2880
2640
2400
1920
4320
5760
4560
5280
4320
2640
2880
2160
6480
4800
3840
720
3360
2640
480
240
2400
2880
2160
1920
3600
2880
3840
6000
4800
1440
1200
1440
1200
960
3600
3120
2400
2400
4560
3600
3120
2400
1680
3840
3120
3840
720
480
3840
4320
3360
36000
960
720
2640
960
720
3360
4560
3600
3120
3360
2640
1440
480
480
6960
3600
2880
3360
1920
1680
2160
1200
960
720
720
480
2160
3120
2400
2880
2640
2160
3600
5520
4320
5520
6240
5040
7920
3840
3120
2880
5520
4560
4080
5520
4320
5760
6000
4800
4800
48000
2880
2400
1920
2640
2880
2400
5520
6240
5040
4560
4320
3360
2160
9840
7920
3360
4800
3840
2400
4080
3360
1200
2400
1920
2400
1200
960
720
960
720
1200
3600
2880
2640
4800
3840
2880
9360
7440
2160
960
720
2400
2640
2160
2400
4560
3600
2640
3360
2640
60000
3120
2640
3360
3360
2640
1440
6720
5520
4800
5760
4560
2400
2640
2160
6000
1920
1440
1920
960
720
1440
1440
1200
2160
1920
1440
2160
1920
1440
2400
3360
2640
2640
3120
2640
3600
4800
3840
6720
4560
3600
2640
4800
3840
3840
5040
4080
5040
5280
4320
4320
36000
1680
5040
4080
1680
6960
5520
1440
960
720
960
3600
2880
2160
10320
8400
5088
6960
5520
3840
5280
4320
3120
2880
2400
2640
4800
3840
4560
6240
5040
3840
7440
5760
6480
9600
7680
7200
12480
10080
4560
6000
4800
6720
7440
6000
6240
9840
7920
6960
8640
6960
48000
3840
3120
480
3600
2880
4080
6960
5520
5040
3840
2976
4080
3360
2640
9360
6000
4800
5280
5040
4080
4560
2880
2160
2160
4080
3360
960
3120
2640
2160
720
720
4560
5040
4080
5280
5280
4080
9840
480
480
1200
3840
2880
1440
2640
2160
4320
3840
3120
3360
60000
4320
5040
4080
4320
480
480
7200
8160
6480
6240
5040
4080
3840
8640
6960
2400
3840
3120
2400
4080
3120
2880
4560
3600
3360
3840
2880
1440
2880
2160
3360
960
720
960
2640
1920
2160
6720
5520
4320
3600
2880
3120
5040
4080
4080
4320
3360
3600
4320
3360
36000
6480
5040
3360
6480
5040
3600
10080
8160
7440
8880
6960
5760
5520
4560
10080
6960
5520
6000
6000
4800
5520
4560
3600
4560
5760
4560
2880
3360
2640
1680
4320
3360
4080
2880
2400
3360
1920
1680
8640
4080
2976
1920
240
240
1920
1680
1440
1440
480
240
480