45
43
136
42
66
137
116
117
137
76
55
173
147
152
166
117
116
53
1500
151
163
67
119
111
64
155
96
1500
66
89
72
137
119
150
47
87
93
1500
48
67
86
58
93
90
153
90
86
272
84
132
274
232
234
274
152
110
346
294
304
332
234
232
106
3000
302
326
134
238
222
128
310
192
3000
132
178
144
274
238
300
94
174
186
3000
96
134
172
116
186
180
306
135
129
408
126
198
411
348
351
411
228
165
519
441
456
498
351
348
159
4500
453
489
201
357
333
192
465
288
4500
198
267
216
411
357
450
141
261
279
4500
144
201
258
174
279
270
459