160
120
95
90
65
55
145
105
85
120
90
75
70
50
40
135
100
80
30
60
50
50
40
30
60
95
75
40
150
110
90
70
85
70
195
145
115
50
85
60
50
55
40
30
115
176
132
105
99
72
61
160
116
94
132
99
83
77
55
44
149
110
88
33
66
55
55
44
33
66
105
83
44
165
121
99
77
94
77
215
160
127
55
94
66
55
61
44
33
127
192
144
114
108
78
66
174
126
102
144
108
90
84
60
48
162
120
96
36
72
60
60
48
36
72
114
90
48
180
132
108
84
102
84
234
174
138
60
102
72
60
66
48
36
138