6400
4800
3800
3600
2600
2200
5800
4200
3400
4800
3600
3000
2800
2000
1600
5400
4000
3200
30000
2400
2000
2000
1600
1200
2400
3800
3000
40000
6000
4400
3600
2800
3400
2800
7800
5800
4600
50000
3400
2400
2000
2200
1600
1200
4600
7040
5280
4180
3960
2860
2420
6380
4620
3740
5280
3960
3300
3080
2200
1760
5940
4400
3520
33000
2640
2200
2200
1760
1320
2640
4180
3300
44000
6600
4840
3960
3080
3740
3080
8580
6380
5060
55000
3740
2640
2200
2420
1760
1320
5060
7680
5760
4560
4320
3120
2640
6960
5040
4080
5760
4320
3600
3360
2400
1920
6480
4800
3840
36000
2880
2400
2400
1920
1440
2880
4560
3600
48000
7200
5280
4320
3360
4080
3360
9360
6960
5520
60000
4080
2880
2400
2640
1920
1440
5520