165
72
125
166
144
108
137
171
150
76
171
76
161
84
67
85
51
85
71
174
91
57
149
61
121
115
50
74
160
88
180
100
139
117
73
118
148
111
175
48
101
114
60
156
123
57
104
159
166
149
133
42
104
46
173
158
157
108
110
79
143
46
78
87
50
97
134
123
98
178
46
138
136
113
51
45
86
41
51
69
90
48
179
137
70
67
92
83
165
151
108
132
149
173
67
86
178
115
175
147
156
162
170
132
70
53
170
165
138
123
57
52
73
118
104
174
54
50
148
75
129
90
121
88
97
151
4000
126
45
51
74
154
44
121
43
95
132
92
123
141
50
108
55
164
143
115
94
106
4000
44
78
179
137
132
70
130
159
152
173
160
42
130
168
164
66
96
153
66
99
96
142
118
4000
154
138
107
129
166
53
94
149
62
79
50
69
74
140
76
161
173
163
89
173
90
54
4000
138
138
67
159
79
44
109
115
107
40
91
76
136
173
117
91
144
132
131
143
171
4000
64
115
77
63
115
58
47
81
152
125
71
136
56
89
172
179
105
63
134
45
116
150
51
4000
117
70
157
89
117
111
51
132
66
167
128
47
91
61
64
82
59
124
54
162
160
138
330
144
250
332
288
216
274
342
300
152
342
152
322
168
134
170
102
170
142
348
182
114
298
122
242
230
100
148
320
176
360
200
278
234
146
236
296
222
350
96
202
228
120
312
246
114
208
318
332
298
266
84
208
92
346
316
314
216
220
158
286
92
156
174
100
194
268
246
196
356
92
276
272
226
102
90
172
82
102
138
180
96
358
274
140
134
184
166
330
302
216
264
298
346
134
172
356
230
350
294
312
324
340
264
140
106
340
330
276
246
114
104
146
236
208
348
108
100
296
150
258
180
242
176
194
302
8000
252
90
102
148
308
88
242
86
190
264
184
246
282
100
216
110
328
286
230
188
212
8000
88
156
358
274
264
140
260
318
304
346
320
84
260
336
328
132
192
306
132
198
192
284
236
8000
308
276
214
258
332
106
188
298
124
158
100
138
148
280
152
322
346
326
178
346
180
108
8000
276
276
134
318
158
88
218
230
214
80
182
152
272
346
234
182
288
264
262
286
342
8000
128
230
154
126
230
116
94
162
304
250
142
272
112
178
344
358
210
126
268
90
232
300
102
8000
234
140
314
178
234
222
102
264
132
334
256
94
182
122
128
164
118
248
108
324
320
276
495
216
375
498
432
324
411
513
450
228
513
228
483
252
201
255
153
255
213
522
273
171
447
183
363
345
150
222
480
264
540
300
417
351
219
354
444
333
525
144
303
342
180
468
369
171
312
477
498
447
399
126
312
138
519
474
471
324
330
237
429
138
234
261
150
291
402
369
294
534
138
414
408
339
153
135
258
123
153
207
270
144
537
411
210
201
276
249
495
453
324
396
447
519
201
258
534
345
525
441
468
486
510
396
210
159
510
495
414
369
171
156
219
354
312
522
162
150
444
225
387
270
363
264
291
453
12000
378
135
153
222
462
132
363
129
285
396
276
369
423
150
324
165
492
429
345
282
318
12000
132
234
537
411
396
210
390
477
456
519
480
126
390
504
492
198
288
459
198
297
288
426
354
12000
462
414
321
387
498
159
282
447
186
237
150
207
222
420
228
483
519
489
267
519
270
162
12000
414
414
201
477
237
132
327
345
321
120
273
228
408
519
351
273
432
396
393
429
513
12000
192
345
231
189
345
174
141
243
456
375
213
408
168
267
516
537
315
189
402
135
348
450
153
12000
351
210
471
267
351
333
153
396
198
501
384
141
273
183
192
246
177
372
162
486
480
414