8
8
8
10
10
10
12
12
12
14
14
14
16
16
16
18
18
18
8
8
8
10
10
10
12
12
12
14
14
14
16
16
16
18
18
18
8
8
8
10
10
10
12
12
12
14
14
14
16
16
16
18
18
18
8
8
8
10
10
10
12
12
12
14
14
14
16
16
16
18
18
18
8
8
8
10
10
10
12
12
12
14
14
14
16
16
16
18
18
18
8
8
8
10
10
10
12
12
12
14
14
14
16
16
16
18
18
18
8
8
8
10
10
10
12
12
12
14
14
14
16
16
16
18
18
18
9
20
21
21
22
22
22
23
24
24
25
25
25
26
27
27
28
28
28
29
30
30
11
20
20
21
21
21
22
23
23
24
24
24
25
26
26
27
27
27
28
29
29
30
30
30
13
20
20
20
21
22
22
23
23
23
24
25
25
26
26
26
27
28
28
29
29
29
30
15
20
21
21
22
22
22
23
24
24
25
25
25
26
27
27
28
28
28
29
30
30
17
20
20
21
21
21
22
23
23
24
24
24
25
26
26
27
27
27
28
29
29
30
30
30
19
20
20
20
21
22
22
23
23
23
24
25
25
26
26
26
27
28
28
29
29
29
30