160
120
95
90
65
55
145
105
85
235
175
140
105
80
65
120
90
70
120
90
75
70
50
40
135
100
80
175
130
105
25
20
15
145
105
85
195
145
115
130
100
80
130
95
75
270
205
165
180
135
110
70
50
40
105
80
65
175
130
105
170
125
100
25
20
15
175
130
105
225
170
135
120
90
70
95
70
55
50
40
30
195
145
115
155
115
95
25
20
15
55
40
30
85
65
50
95
70
60
95
70
55
70
50
40
150
115
90
145
110
90
90
65
55
75
60
45
225
170
135
135
100
80
20
15
15
150
95
25
20
50
40
30
60
95
75
75
55
45
10
70
55
25
20
15
35
55
45
200
65
50
45
35
25
70
85
70
195
145
115
25
65
50
70
50
40
40
65
50
30
25
20
250
140
105
85
25
60
50
55
40
30
115
70
55
50
40
30
70
55
45
25
20
15
45
150
140
85
65
95
75
60
105
35
30
130
100
80
55
105
85
80
60
50
80
100
80
200
75
60
80
60
50
85
125
100
195
145
115
15
85
70
15
10
10
45
105
85
35
25
20
250
110
85
65
60
105
85
85
60
50
150
85
70
115
85
70
85
95
75
85
65
50
60
176
132
105
99
72
61
160
116
94
259
193
154
116
88
72
132
99
77
132
99
83
77
55
44
149
110
88
193
143
116
28
22
17
160
116
94
215
160
127
143
110
88
143
105
83
297
226
182
198
149
121
77
55
44
116
88
72
193
143
116
187
138
110
28
22
17
193
143
116
248
187
149
132
99
77
105
77
61
55
44
33
215
160
127
171
127
105
28
22
17
61
44
33
94
72
55
105
77
66
105
77
61
77
55
44
165
127
99
160
121
99
99
72
61
83
66
50
248
187
149
149
110
88
22
17
17
165
105
28
22
55
44
33
66
105
83
83
61
50
11
77
61
28
22
17
39
61
50
220
72
55
50
39
28
77
94
77
215
160
127
28
72
55
77
55
44
44
72
55
33
28
22
275
154
116
94
28
66
55
61
44
33
127
77
61
55
44
33
77
61
50
28
22
17
50
165
154
94
72
105
83
66
116
39
33
143
110
88
61
116
94
88
66
55
88
110
88
220
83
66
88
66
55
94
138
110
215
160
127
17
94
77
17
11
11
50
116
94
39
28
22
275
121
94
72
66
116
94
94
66
55
165
94
77
127
94
77
94
105
83
94
72
55
66
192
144
114
108
78
66
174
126
102
282
210
168
126
96
78
144
108
84
144
108
90
84
60
48
162
120
96
210
156
126
30
24
18
174
126
102
234
174
138
156
120
96
156
114
90
324
246
198
216
162
132
84
60
48
126
96
78
210
156
126
204
150
120
30
24
18
210
156
126
270
204
162
144
108
84
114
84
66
60
48
36
234
174
138
186
138
114
30
24
18
66
48
36
102
78
60
114
84
72
114
84
66
84
60
48
180
138
108
174
132
108
108
78
66
90
72
54
270
204
162
162
120
96
24
18
18
180
114
30
24
60
48
36
72
114
90
90
66
54
12
84
66
30
24
18
42
66
54
240
78
60
54
42
30
84
102
84
234
174
138
30
78
60
84
60
48
48
78
60
36
30
24
300
168
126
102
30
72
60
66
48
36
138
84
66
60
48
36
84
66
54
30
24
18
54
180
168
102
78
114
90
72
126
42
36
156
120
96
66
126
102
96
72
60
96
120
96
240
90
72
96
72
60
102
150
120
234
174
138
18
102
84
18
12
12
54
126
102
42
30
24
300
132
102
78
72
126
102
102
72
60
180
102
84
138
102
84
102
114
90
102
78
60
72