6400
4800
3800
3600
2600
2200
5800
4200
3400
9400
7000
5600
4200
3200
2600
4800
3600
2800
4800
3600
3000
2800
2000
1600
5400
4000
3200
7000
5200
4200
1000
800
600
5800
4200
3400
7800
5800
4600
5200
4000
3200
5200
3800
3000
10800
8200
6600
7200
5400
4400
2800
2000
1600
4200
3200
2600
7000
5200
4200
6800
5000
4000
1000
800
600
7000
5200
4200
9000
6800
5400
4800
3600
2800
3800
2800
2200
2000
1600
1200
7800
5800
4600
6200
4600
3800
1000
800
600
2200
1600
1200
3400
2600
2000
3800
2800
2400
3800
2800
2200
2800
2000
1600
6000
4600
3600
5800
4400
3600
3600
2600
2200
3000
2400
1800
9000
6800
5400
5400
4000
3200
800
600
600
30000
3800
1000
800
2000
1600
1200
2400
3800
3000
3000
2200
1800
400
2800
2200
1000
800
600
1400
2200
1800
40000
2600
2000
1800
1400
1000
2800
3400
2800
7800
5800
4600
1000
2600
2000
2800
2000
1600
1600
2600
2000
1200
1000
800
50000
5600
4200
3400
1000
2400
2000
2200
1600
1200
4600
2800
2200
2000
1600
1200
2800
2200
1800
1000
800
600
1800
30000
5600
3400
2600
3800
3000
2400
4200
1400
1200
5200
4000
3200
2200
4200
3400
3200
2400
2000
3200
4000
3200
40000
3000
2400
3200
2400
2000
3400
5000
4000
7800
5800
4600
600
3400
2800
600
400
400
1800
4200
3400
1400
1000
800
50000
4400
3400
2600
2400
4200
3400
3400
2400
2000
6000
3400
2800
4600
3400
2800
3400
3800
3000
3400
2600
2000
2400
7040
5280
4180
3960
2860
2420
6380
4620
3740
10340
7700
6160
4620
3520
2860
5280
3960
3080
5280
3960
3300
3080
2200
1760
5940
4400
3520
7700
5720
4620
1100
880
660
6380
4620
3740
8580
6380
5060
5720
4400
3520
5720
4180
3300
11880
9020
7260
7920
5940
4840
3080
2200
1760
4620
3520
2860
7700
5720
4620
7480
5500
4400
1100
880
660
7700
5720
4620
9900
7480
5940
5280
3960
3080
4180
3080
2420
2200
1760
1320
8580
6380
5060
6820
5060
4180
1100
880
660
2420
1760
1320
3740
2860
2200
4180
3080
2640
4180
3080
2420
3080
2200
1760
6600
5060
3960
6380
4840
3960
3960
2860
2420
3300
2640
1980
9900
7480
5940
5940
4400
3520
880
660
660
33000
4180
1100
880
2200
1760
1320
2640
4180
3300
3300
2420
1980
440
3080
2420
1100
880
660
1540
2420
1980
44000
2860
2200
1980
1540
1100
3080
3740
3080
8580
6380
5060
1100
2860
2200
3080
2200
1760
1760
2860
2200
1320
1100
880
55000
6160
4620
3740
1100
2640
2200
2420
1760
1320
5060
3080
2420
2200
1760
1320
3080
2420
1980
1100
880
660
1980
33000
6160
3740
2860
4180
3300
2640
4620
1540
1320
5720
4400
3520
2420
4620
3740
3520
2640
2200
3520
4400
3520
44000
3300
2640
3520
2640
2200
3740
5500
4400
8580
6380
5060
660
3740
3080
660
440
440
1980
4620
3740
1540
1100
880
55000
4840
3740
2860
2640
4620
3740
3740
2640
2200
6600
3740
3080
5060
3740
3080
3740
4180
3300
3740
2860
2200
2640
7680
5760
4560
4320
3120
2640
6960
5040
4080
11280
8400
6720
5040
3840
3120
5760
4320
3360
5760
4320
3600
3360
2400
1920
6480
4800
3840
8400
6240
5040
1200
960
720
6960
5040
4080
9360
6960
5520
6240
4800
3840
6240
4560
3600
12960
9840
7920
8640
6480
5280
3360
2400
1920
5040
3840
3120
8400
6240
5040
8160
6000
4800
1200
960
720
8400
6240
5040
10800
8160
6480
5760
4320
3360
4560
3360
2640
2400
1920
1440
9360
6960
5520
7440
5520
4560
1200
960
720
2640
1920
1440
4080
3120
2400
4560
3360
2880
4560
3360
2640
3360
2400
1920
7200
5520
4320
6960
5280
4320
4320
3120
2640
3600
2880
2160
10800
8160
6480
6480
4800
3840
960
720
720
36000
4560
1200
960
2400
1920
1440
2880
4560
3600
3600
2640
2160
480
3360
2640
1200
960
720
1680
2640
2160
48000
3120
2400
2160
1680
1200
3360
4080
3360
9360
6960
5520
1200
3120
2400
3360
2400
1920
1920
3120
2400
1440
1200
960
60000
6720
5040
4080
1200
2880
2400
2640
1920
1440
5520
3360
2640
2400
1920
1440
3360
2640
2160
1200
960
720
2160
36000
6720
4080
3120
4560
3600
2880
5040
1680
1440
6240
4800
3840
2640
5040
4080
3840
2880
2400
3840
4800
3840
48000
3600
2880
3840
2880
2400
4080
6000
4800
9360
6960
5520
720
4080
3360
720
480
480
2160
5040
4080
1680
1200
960
60000
5280
4080
3120
2880
5040
4080
4080
2880
2400
7200
4080
3360
5520
4080
3360
4080
4560
3600
4080
3120
2400
2880