60
132
66
142
111
160
50
105
180
52
158
122
85
132
174
158
166
69
146
67
150
138
42
61
61
146
149
61
174
83
168
175
170
71
44
65
2000
69
104
108
138
125
43
133
52
171
81
156
76
66
2000
140
97
49
154
173
101
152
96
164
142
95
60
171
143
2000
71
72
64
96
146
129
44
77
105
154
76
104
95
170
156
2000
72
124
57
59
84
117
94
121
81
109
82
174
132
120
264
132
284
222
320
100
210
360
104
316
244
170
264
348
316
332
138
292
134
300
276
84
122
122
292
298
122
348
166
336
350
340
142
88
130
4000
138
208
216
276
250
86
266
104
342
162
312
152
132
4000
280
194
98
308
346
202
304
192
328
284
190
120
342
286
4000
142
144
128
192
292
258
88
154
210
308
152
208
190
340
312
4000
144
248
114
118
168
234
188
242
162
218
164
348
264
180
396
198
426
333
480
150
315
540
156
474
366
255
396
522
474
498
207
438
201
450
414
126
183
183
438
447
183
522
249
504
525
510
213
132
195
6000
207
312
324
414
375
129
399
156
513
243
468
228
198
6000
420
291
147
462
519
303
456
288
492
426
285
180
513
429
6000
213
216
192
288
438
387
132
231
315
462
228
312
285
510
468
6000
216
372
171
177
252
351
282
363
243
327
246
522
396