160
120
95
95
65
55
145
105
85
235
175
140
120
90
75
70
50
40
135
100
80
175
130
105
195
145
115
130
100
80
130
95
75
270
205
165
150
60
40
30
100
75
60
75
55
45
20
15
10
55
200
45
35
120
90
70
70
145
115
45
35
25
50
50
40
250
110
85
65
50
40
30
190
140
115
55
40
30
115
85
70
250
90
75
60
175
130
105
30
100
80
95
70
55
85
176
132
105
105
72
61
160
116
94
259
193
154
132
99
83
77
55
44
149
110
88
193
143
116
215
160
127
143
110
88
143
105
83
297
226
182
165
66
44
33
110
83
66
83
61
50
22
17
11
61
220
50
39
132
99
77
77
160
127
50
39
28
55
55
44
275
121
94
72
55
44
33
209
154
127
61
44
33
127
94
77
275
99
83
66
193
143
116
33
110
88
105
77
61
94
192
144
114
114
78
66
174
126
102
282
210
168
144
108
90
84
60
48
162
120
96
210
156
126
234
174
138
156
120
96
156
114
90
324
246
198
180
72
48
36
120
90
72
90
66
54
24
18
12
66
240
54
42
144
108
84
84
174
138
54
42
30
60
60
48
300
132
102
78
60
48
36
228
168
138
66
48
36
138
102
84
300
108
90
72
210
156
126
36
120
96
114
84
66
102