6400
4800
3800
3800
2600
2200
5800
4200
3400
9400
7000
5600
4800
3600
3000
2800
2000
1600
5400
4000
3200
7000
5200
4200
7800
5800
4600
5200
4000
3200
5200
3800
3000
10800
8200
6600
30000
2400
1600
1200
4000
3000
2400
3000
2200
1800
800
600
400
2200
40000
1800
1400
4800
3600
2800
2800
5800
4600
1800
1400
1000
2000
2000
1600
50000
4400
3400
2600
2000
1600
1200
7600
5600
4600
2200
1600
1200
4600
3400
2800
50000
3600
3000
2400
7000
5200
4200
1200
4000
3200
3800
2800
2200
3400
7040
5280
4180
4180
2860
2420
6380
4620
3740
10340
7700
6160
5280
3960
3300
3080
2200
1760
5940
4400
3520
7700
5720
4620
8580
6380
5060
5720
4400
3520
5720
4180
3300
11880
9020
7260
33000
2640
1760
1320
4400
3300
2640
3300
2420
1980
880
660
440
2420
44000
1980
1540
5280
3960
3080
3080
6380
5060
1980
1540
1100
2200
2200
1760
55000
4840
3740
2860
2200
1760
1320
8360
6160
5060
2420
1760
1320
5060
3740
3080
55000
3960
3300
2640
7700
5720
4620
1320
4400
3520
4180
3080
2420
3740
7680
5760
4560
4560
3120
2640
6960
5040
4080
11280
8400
6720
5760
4320
3600
3360
2400
1920
6480
4800
3840
8400
6240
5040
9360
6960
5520
6240
4800
3840
6240
4560
3600
12960
9840
7920
36000
2880
1920
1440
4800
3600
2880
3600
2640
2160
960
720
480
2640
48000
2160
1680
5760
4320
3360
3360
6960
5520
2160
1680
1200
2400
2400
1920
60000
5280
4080
3120
2400
1920
1440
9120
6720
5520
2640
1920
1440
5520
4080
3360
60000
4320
3600
2880
8400
6240
5040
1440
4800
3840
4560
3360
2640
4080